Name="@sea"
U=3483
V=2207
Radius=32
Worse=0.200000
MinWait=0
MaxWait=0

Name="@seebirds"
U=3293
V=3285
Radius=32
Worse=0.200000
MinWait=0
MaxWait=0

Name="@sea"
U=3217
V=807
Radius=32
Worse=0.200000
MinWait=0
MaxWait=0

